;data
(
(	1	107.067	)
(	2	101.135	)
(	3	97.743	)
(	4	95.341	)
(	5	93.465	)
(	6	91.91	)
(	7	90.571	)
(	8	89.387	)
(	9	88.316	)
(	10	87.334	)
(	11	86.419	)
(	12	85.56	)
(	13	84.746	)
(	14	83.969	)
(	15	83.224	)
(	16	82.504	)
(	17	81.808	)
(	18	81.132	)
(	19	80.473	)
(	20	79.83	)
(	25	76.8	)
(	30	74.009	)
(	35	71.403	)
(	40	68.957	)
(	45	66.655	)
(	50	64.484	)
(	55	62.434	)
(	60	60.496	)
(	65	58.659	)
(	70	56.917	)
(	75	55.261	)
(	80	53.687	)
(	85	52.188	)
(	90	50.761	)
(	95	49.403	)
(	100	48.109	)
(	110	45.705	)
(	120	43.527	)
(	130	41.548	)
(	140	39.736	)
(	150	38.055	)
(	160	36.47	)
(	170	34.952	)
(	180	33.476	)
(	190	32.024	)
(	200	30.586	)
(	225	27.033	)
(	250	23.572	)
(	275	20.265	)
(	300	17.155	)
(	325	14.251	)
(	350	11.535	)
(	375	8.983	)
(	400	6.564	)
(	425	4.255	)
(	450	2.034	)
(	475	-0.114	)
(	500	-2.201	)
(	525	-4.237	)
(	550	-6.227	)
(	575	-8.179	)
(	600	-10.094	)
(	625	-11.977	)
(	650	-13.829	)
(	675	-15.652	)
(	700	-17.448	)
(	725	-19.218	)
(	750	-20.962	)
(	775	-22.68	)
(	800	-24.372	)
(	825	-26.04	)
(	850	-27.682	)
(	875	-29.298	)
(	900	-30.889	)
(	925	-32.453	)
(	950	-33.991	)
(	975	-35.501	)
(	1000	-36.985	)
)
