;data
(
(	1	10	107.067	)
(	2	10	101.135	)
(	3	10	97.743	)
(	4	10	95.341	)
(	5	10	93.465	)
(	6	10	91.91	)
(	7	10	90.571	)
(	8	10	89.387	)
(	9	10	88.316	)
(	10	10	87.334	)
(	11	10	86.419	)
(	12	10	85.56	)
(	13	10	84.746	)
(	14	10	83.969	)
(	15	10	83.224	)
(	16	10	82.504	)
(	17	10	81.808	)
(	18	10	81.132	)
(	19	10	80.473	)
(	20	10	79.83	)
(	25	10	76.8	)
(	30	10	74.009	)
(	35	10	71.403	)
(	40	10	68.957	)
(	45	10	66.655	)
(	50	10	64.484	)
(	55	10	62.434	)
(	60	10	60.496	)
(	65	10	58.659	)
(	70	10	56.917	)
(	75	10	55.261	)
(	80	10	53.687	)
(	85	10	52.188	)
(	90	10	50.761	)
(	95	10	49.403	)
(	100	10	48.109	)
(	110	10	45.705	)
(	120	10	43.527	)
(	130	10	41.548	)
(	140	10	39.736	)
(	150	10	38.055	)
(	160	10	36.47	)
(	170	10	34.952	)
(	180	10	33.476	)
(	190	10	32.024	)
(	200	10	30.586	)
(	225	10	27.033	)
(	250	10	23.572	)
(	275	10	20.265	)
(	300	10	17.155	)
(	325	10	14.251	)
(	350	10	11.535	)
(	375	10	8.983	)
(	400	10	6.564	)
(	425	10	4.255	)
(	450	10	2.034	)
(	475	10	-0.114	)
(	500	10	-2.201	)
(	525	10	-4.237	)
(	550	10	-6.227	)
(	575	10	-8.179	)
(	600	10	-10.094	)
(	625	10	-11.977	)
(	650	10	-13.829	)
(	675	10	-15.652	)
(	700	10	-17.448	)
(	725	10	-19.218	)
(	750	10	-20.962	)
(	775	10	-22.68	)
(	800	10	-24.372	)
(	825	10	-26.04	)
(	850	10	-27.682	)
(	875	10	-29.298	)
(	900	10	-30.889	)
(	925	10	-32.453	)
(	950	10	-33.991	)
(	975	10	-35.501	)
(	1000	10	-36.985	)
(	1	20	107.073	)
(	2	20	101.155	)
(	3	20	97.787	)
(	4	20	95.417	)
(	5	20	93.58	)
(	6	20	92.071	)
(	7	20	90.786	)
(	8	20	89.661	)
(	9	20	88.655	)
(	10	20	87.741	)
(	11	20	86.9	)
(	12	20	86.117	)
(	13	20	85.383	)
(	14	20	84.688	)
(	15	20	84.027	)
(	16	20	83.393	)
(	17	20	82.783	)
(	18	20	82.193	)
(	19	20	81.622	)
(	20	20	81.065	)
(	25	20	78.452	)
(	30	20	76.03	)
(	35	20	73.735	)
(	40	20	71.538	)
(	45	20	69.428	)
(	50	20	67.402	)
(	55	20	65.458	)
(	60	20	63.593	)
(	65	20	61.806	)
(	70	20	60.093	)
(	75	20	58.452	)
(	80	20	56.88	)
(	85	20	55.376	)
(	90	20	53.936	)
(	95	20	52.559	)
(	100	20	51.243	)
(	110	20	48.788	)
(	120	20	46.552	)
(	130	20	44.513	)
(	140	20	42.64	)
(	150	20	40.9	)
(	160	20	39.258	)
(	170	20	37.684	)
(	180	20	36.154	)
(	190	20	34.65	)
(	200	20	33.161	)
(	225	20	29.49	)
(	250	20	25.919	)
(	275	20	22.512	)
(	300	20	19.309	)
(	325	20	16.319	)
(	350	20	13.524	)
(	375	20	10.897	)
(	400	20	8.41	)
(	425	20	6.035	)
(	450	20	3.753	)
(	475	20	1.548	)
(	500	20	-0.594	)
(	525	20	-2.681	)
(	550	20	-4.722	)
(	575	20	-6.72	)
(	600	20	-8.68	)
(	625	20	-10.606	)
(	650	20	-12.5	)
(	675	20	-14.363	)
(	700	20	-16.197	)
(	725	20	-18.004	)
(	750	20	-19.783	)
(	775	20	-21.536	)
(	800	20	-23.262	)
(	825	20	-24.961	)
(	850	20	-26.634	)
(	875	20	-28.281	)
(	900	20	-29.901	)
(	925	20	-31.494	)
(	950	20	-33.059	)
(	975	20	-34.597	)
(	1000	20	-36.107	)
(	1	37.5	107.074	)
(	2	37.5	101.16	)
(	3	37.5	97.799	)
(	4	37.5	95.441	)
(	5	37.5	93.619	)
(	6	37.5	92.13	)
(	7	37.5	90.869	)
(	8	37.5	89.771	)
(	9	37.5	88.797	)
(	10	37.5	87.919	)
(	11	37.5	87.117	)
(	12	37.5	86.378	)
(	13	37.5	85.691	)
(	14	37.5	85.046	)
(	15	37.5	84.438	)
(	16	37.5	83.86	)
(	17	37.5	83.309	)
(	18	37.5	82.781	)
(	19	37.5	82.272	)
(	20	37.5	81.781	)
(	25	37.5	79.514	)
(	30	37.5	77.448	)
(	35	37.5	75.493	)
(	40	37.5	73.603	)
(	45	37.5	71.758	)
(	50	37.5	69.952	)
(	55	37.5	68.184	)
(	60	37.5	66.457	)
(	65	37.5	64.774	)
(	70	37.5	63.137	)
(	75	37.5	61.549	)
(	80	37.5	60.012	)
(	85	37.5	58.528	)
(	90	37.5	57.096	)
(	95	37.5	55.718	)
(	100	37.5	54.393	)
(	110	37.5	51.905	)
(	120	37.5	49.624	)
(	130	37.5	47.532	)
(	140	37.5	45.603	)
(	150	37.5	43.805	)
(	160	37.5	42.107	)
(	170	37.5	40.477	)
(	180	37.5	38.892	)
(	190	37.5	37.335	)
(	200	37.5	35.796	)
(	225	37.5	32.003	)
(	250	37.5	28.32	)
(	275	37.5	24.808	)
(	300	37.5	21.509	)
(	325	37.5	18.431	)
(	350	37.5	15.554	)
(	375	37.5	12.851	)
(	400	37.5	10.292	)
(	425	37.5	7.851	)
(	450	37.5	5.507	)
(	475	37.5	3.242	)
(	500	37.5	1.044	)
(	525	37.5	-1.096	)
(	550	37.5	-3.187	)
(	575	37.5	-5.234	)
(	600	37.5	-7.24	)
(	625	37.5	-9.21	)
(	650	37.5	-11.146	)
(	675	37.5	-13.051	)
(	700	37.5	-14.924	)
(	725	37.5	-16.769	)
(	750	37.5	-18.584	)
(	775	37.5	-20.372	)
(	800	37.5	-22.132	)
(	825	37.5	-23.865	)
(	850	37.5	-25.57	)
(	875	37.5	-27.248	)
(	900	37.5	-28.898	)
(	925	37.5	-30.521	)
(	950	37.5	-32.115	)
(	975	37.5	-33.68	)
(	1000	37.5	-35.217	)
(	1	75	107.074	)
(	2	75	101.161	)
(	3	75	97.802	)
(	4	75	95.447	)
(	5	75	93.63	)
(	6	75	92.147	)
(	7	75	90.894	)
(	8	75	89.806	)
(	9	75	88.845	)
(	10	75	87.981	)
(	11	75	87.197	)
(	12	75	86.478	)
(	13	75	85.812	)
(	14	75	85.192	)
(	15	75	84.611	)
(	16	75	84.063	)
(	17	75	83.544	)
(	18	75	83.05	)
(	19	75	82.578	)
(	20	75	82.126	)
(	25	75	80.089	)
(	30	75	78.298	)
(	35	75	76.644	)
(	40	75	75.065	)
(	45	75	73.523	)
(	50	75	71.998	)
(	55	75	70.481	)
(	60	75	68.97	)
(	65	75	67.466	)
(	70	75	65.975	)
(	75	75	64.502	)
(	80	75	63.053	)
(	85	75	61.632	)
(	90	75	60.245	)
(	95	75	58.895	)
(	100	75	57.586	)
(	110	75	55.1	)
(	120	75	52.794	)
(	130	75	50.662	)
(	140	75	48.684	)
(	150	75	46.834	)
(	160	75	45.081	)
(	170	75	43.396	)
(	180	75	41.756	)
(	190	75	40.145	)
(	200	75	38.553	)
(	225	75	34.633	)
(	250	75	30.83	)
(	275	75	27.209	)
(	300	75	23.809	)
(	325	75	20.636	)
(	350	75	17.673	)
(	375	75	14.89	)
(	400	75	12.256	)
(	425	75	9.745	)
(	450	75	7.334	)
(	475	75	5.007	)
(	500	75	2.75	)
(	525	75	0.553	)
(	550	75	-1.591	)
(	575	75	-3.689	)
(	600	75	-5.744	)
(	625	75	-7.761	)
(	650	75	-9.742	)
(	675	75	-11.689	)
(	700	75	-13.604	)
(	725	75	-15.488	)
(	750	75	-17.343	)
(	775	75	-19.168	)
(	800	75	-20.964	)
(	825	75	-22.732	)
(	850	75	-24.471	)
(	875	75	-26.182	)
(	900	75	-27.864	)
(	925	75	-29.517	)
(	950	75	-31.141	)
(	975	75	-32.736	)
(	1000	75	-34.302	)
(	1	150	107.074	)
(	2	150	101.161	)
(	3	150	97.803	)
(	4	150	95.448	)
(	5	150	93.632	)
(	6	150	92.151	)
(	7	150	90.9	)
(	8	150	89.815	)
(	9	150	88.857	)
(	10	150	87.998	)
(	11	150	87.219	)
(	12	150	86.506	)
(	13	150	85.849	)
(	14	150	85.238	)
(	15	150	84.667	)
(	16	150	84.131	)
(	17	150	83.625	)
(	18	150	83.146	)
(	19	150	82.691	)
(	20	150	82.257	)
(	25	150	80.336	)
(	30	150	78.707	)
(	35	150	77.259	)
(	40	150	75.924	)
(	45	150	74.654	)
(	50	150	73.417	)
(	55	150	72.19	)
(	60	150	70.96	)
(	65	150	69.718	)
(	70	150	68.463	)
(	75	150	67.195	)
(	80	150	65.919	)
(	85	150	64.64	)
(	90	150	63.366	)
(	95	150	62.104	)
(	100	150	60.86	)
(	110	150	58.45	)
(	120	150	56.167	)
(	130	150	54.025	)
(	140	150	52.017	)
(	150	150	50.123	)
(	160	150	48.32	)
(	170	150	46.582	)
(	180	150	44.887	)
(	190	150	43.219	)
(	200	150	41.571	)
(	225	150	37.513	)
(	250	150	33.579	)
(	275	150	29.836	)
(	300	150	26.323	)
(	325	150	23.046	)
(	350	150	19.986	)
(	375	150	17.113	)
(	400	150	14.396	)
(	425	150	11.806	)
(	450	150	9.321	)
(	475	150	6.925	)
(	500	150	4.602	)
(	525	150	2.342	)
(	550	150	0.139	)
(	575	150	-2.016	)
(	600	150	-4.126	)
(	625	150	-6.194	)
(	650	150	-8.225	)
(	675	150	-10.221	)
(	700	150	-12.182	)
(	725	150	-14.111	)
(	750	150	-16.009	)
(	775	150	-17.875	)
(	800	150	-19.712	)
(	825	150	-21.519	)
(	850	150	-23.296	)
(	875	150	-25.044	)
(	900	150	-26.761	)
(	925	150	-28.45	)
(	950	150	-30.108	)
(	975	150	-31.736	)
(	1000	150	-33.333	)
(	1	300	107.074	)
(	2	300	101.161	)
(	3	300	97.803	)
(	4	300	95.448	)
(	5	300	93.632	)
(	6	300	92.151	)
(	7	300	90.9	)
(	8	300	89.816	)
(	9	300	88.859	)
(	10	300	88.001	)
(	11	300	87.223	)
(	12	300	86.512	)
(	13	300	85.856	)
(	14	300	85.247	)
(	15	300	84.679	)
(	16	300	84.146	)
(	17	300	83.644	)
(	18	300	83.169	)
(	19	300	82.719	)
(	20	300	82.291	)
(	25	300	80.41	)
(	30	300	78.846	)
(	35	300	77.495	)
(	40	300	76.292	)
(	45	300	75.191	)
(	50	300	74.161	)
(	55	300	73.175	)
(	60	300	72.213	)
(	65	300	71.257	)
(	70	300	70.296	)
(	75	300	69.32	)
(	80	300	68.322	)
(	85	300	67.302	)
(	90	300	66.26	)
(	95	300	65.2	)
(	100	300	64.127	)
(	110	300	61.972	)
(	120	300	59.846	)
(	130	300	57.786	)
(	140	300	55.81	)
(	150	300	53.916	)
(	160	300	52.091	)
(	170	300	50.317	)
(	180	300	48.578	)
(	190	300	46.861	)
(	200	300	45.159	)
(	225	300	40.96	)
(	250	300	36.886	)
(	275	300	33.007	)
(	300	300	29.368	)
(	325	300	25.975	)
(	350	300	22.807	)
(	375	300	19.833	)
(	400	300	17.021	)
(	425	300	14.343	)
(	450	300	11.775	)
(	475	300	9.3	)
(	500	300	6.902	)
(	525	300	4.572	)
(	550	300	2.301	)
(	575	300	0.083	)
(	600	300	-2.089	)
(	625	300	-4.216	)
(	650	300	-6.304	)
(	675	300	-8.354	)
(	700	300	-10.368	)
(	725	300	-12.347	)
(	750	300	-14.294	)
(	775	300	-16.208	)
(	800	300	-18.09	)
(	825	300	-19.941	)
(	850	300	-21.761	)
(	875	300	-23.551	)
(	900	300	-25.309	)
(	925	300	-27.037	)
(	950	300	-28.733	)
(	975	300	-30.399	)
(	1000	300	-32.033	)
(	1	600	107.074	)
(	2	600	101.161	)
(	3	600	97.803	)
(	4	600	95.448	)
(	5	600	93.632	)
(	6	600	92.151	)
(	7	600	90.9	)
(	8	600	89.816	)
(	9	600	88.859	)
(	10	600	88.001	)
(	11	600	87.224	)
(	12	600	86.512	)
(	13	600	85.857	)
(	14	600	85.248	)
(	15	600	84.68	)
(	16	600	84.148	)
(	17	600	83.646	)
(	18	600	83.172	)
(	19	600	82.723	)
(	20	600	82.295	)
(	25	600	80.423	)
(	30	600	78.874	)
(	35	600	77.549	)
(	40	600	76.386	)
(	45	600	75.346	)
(	50	600	74.401	)
(	55	600	73.528	)
(	60	600	72.711	)
(	65	600	71.935	)
(	70	600	71.188	)
(	75	600	70.458	)
(	80	600	69.735	)
(	85	600	69.01	)
(	90	600	68.275	)
(	95	600	67.524	)
(	100	600	66.753	)
(	110	600	65.147	)
(	120	600	63.465	)
(	130	600	61.734	)
(	140	600	59.986	)
(	150	600	58.238	)
(	160	600	56.499	)
(	170	600	54.769	)
(	180	600	53.042	)
(	190	600	51.315	)
(	200	600	49.586	)
(	225	600	45.278	)
(	250	600	41.065	)
(	275	600	37.042	)
(	300	600	33.263	)
(	325	600	29.739	)
(	350	600	26.448	)
(	375	600	23.36	)
(	400	600	20.442	)
(	425	600	17.663	)
(	450	600	15.001	)
(	475	600	12.436	)
(	500	600	9.954	)
(	525	600	7.544	)
(	550	600	5.196	)
(	575	600	2.904	)
(	600	600	0.663	)
(	625	600	-1.532	)
(	650	600	-3.684	)
(	675	600	-5.796	)
(	700	600	-7.869	)
(	725	600	-9.907	)
(	750	600	-11.909	)
(	775	600	-13.877	)
(	800	600	-15.811	)
(	825	600	-17.713	)
(	850	600	-19.582	)
(	875	600	-21.419	)
(	900	600	-23.224	)
(	925	600	-24.996	)
(	950	600	-26.737	)
(	975	600	-28.445	)
(	1000	600	-30.12	)
(	1	1200	107.074	)
(	2	1200	101.161	)
(	3	1200	97.803	)
(	4	1200	95.448	)
(	5	1200	93.632	)
(	6	1200	92.151	)
(	7	1200	90.9	)
(	8	1200	89.816	)
(	9	1200	88.859	)
(	10	1200	88.001	)
(	11	1200	87.224	)
(	12	1200	86.512	)
(	13	1200	85.857	)
(	14	1200	85.248	)
(	15	1200	84.68	)
(	16	1200	84.148	)
(	17	1200	83.646	)
(	18	1200	83.172	)
(	19	1200	82.723	)
(	20	1200	82.295	)
(	25	1200	80.423	)
(	30	1200	78.876	)
(	35	1200	77.554	)
(	40	1200	76.397	)
(	45	1200	75.367	)
(	50	1200	74.436	)
(	55	1200	73.587	)
(	60	1200	72.805	)
(	65	1200	72.078	)
(	70	1200	71.398	)
(	75	1200	70.756	)
(	80	1200	70.148	)
(	85	1200	69.565	)
(	90	1200	69.003	)
(	95	1200	68.457	)
(	100	1200	67.922	)
(	110	1200	66.863	)
(	120	1200	65.793	)
(	130	1200	64.682	)
(	140	1200	63.511	)
(	150	1200	62.269	)
(	160	1200	60.949	)
(	170	1200	59.55	)
(	180	1200	58.072	)
(	190	1200	56.52	)
(	200	1200	54.905	)
(	225	1200	50.686	)
(	250	1200	46.402	)
(	275	1200	42.248	)
(	300	1200	38.323	)
(	325	1200	34.654	)
(	350	1200	31.226	)
(	375	1200	28.008	)
(	400	1200	24.968	)
(	425	1200	22.075	)
(	450	1200	19.305	)
(	475	1200	16.639	)
(	500	1200	14.06	)
(	525	1200	11.558	)
(	550	1200	9.123	)
(	575	1200	6.747	)
(	600	1200	4.426	)
(	625	1200	2.154	)
(	650	1200	-0.072	)
(	675	1200	-2.254	)
(	700	1200	-4.396	)
(	725	1200	-6.5	)
(	750	1200	-8.565	)
(	775	1200	-10.595	)
(	800	1200	-12.589	)
(	825	1200	-14.549	)
(	850	1200	-16.474	)
(	875	1200	-18.366	)
(	900	1200	-20.223	)
(	925	1200	-22.047	)
(	950	1200	-23.838	)
(	975	1200	-25.595	)
(	1000	1200	-27.318	)
)
